808435.175667371 2669746.12077772
808271.2627987 2669749.45610696
808183.448485689 2669651.09611224
808011.09296898 2669654.55843833
807934.977196298 2669747.16573163
807844.522371685 2669747.3564826
807765.16996932 2669655.07750597
807674.714633311 2669655.2694502
807595.351150685 2669563.10826528
807250.627161885 2669563.84740397
807165.567401938 2669471.69065116
806744.433928287 2669472.6077559
806659.467924402 2669380.34804188
806574.728128321 2669386.74731919
806444.372599377 2669242.27570728
806447.021463791 2669153.03101771
806404.476156685 2669103.8066993
806232.116889734 2669107.29118592
806147.461474108 2669199.80932573
805980.27021169 2669012.41482548
805605.358646452 2669010.5444773
805553.523988847 2669010.28025567
805474.165108791 2668927.3294957
805129.302701952 2668918.92520241
805041.493843839 2668829.78415591
804877.575861201 2668833.26591508
804835.04146389 2668787.14782019
804834.819006328 2668691.70875292
804792.381774389 2668645.69685809
804701.922176741 2668645.90840585
804620.121718397 2668738.43864872
804535.365728088 2668738.63792297
804450.382336715 2668646.4997509
804195.99623315 2668647.10217621
804156.525783904 2668693.30669713
804153.899080013 2668785.75750304
804114.429142164 2668831.96202397
804032.420886297 2668835.25865753
803941.848951841 2668743.14758949
803856.986250088 2668743.35112537
803771.998597076 2668651.11118536
803266.078790245 2668649.34328699
803178.702744202 2668741.89449712
802333.545212314 2668740.87715863
801987.779849378 2668375.41739757
801905.877623092 2668378.61976368
801820.770985115 2668283.4094612
801738.868758829 2668286.71905014
801653.760416197 2668191.49920159
801481.389387122 2668191.94138927
801311.298334979 2668010.7126285
801229.361163252 2668004.72280948
801059.272838558 2667826.59856759
800889.639486457 2667824.04652761
800804.628309197 2667731.82704347
800632.261030364 2667735.38090957
800547.142459798 2667640.1794713
800210.850891101 2667644.1724567
800120.133038122 2667548.97817798
800038.12035015 2667552.19213574
799953.104229388 2667456.98387885
799871.091541416 2667460.31562832
799786.082068812 2667368.20950378
799613.701664131 2667371.66995475
799528.584286824 2667276.4649367
799359.051679871 2667276.92621652
799273.922369974 2667181.73347199
799101.533612481 2667179.09432411
798939.85350178 2667000.98678785
798676.997134756 2666998.71959583
798591.96771768 2666906.51545359
798346.014545615 2666907.20208889
798300.705650769 2666861.22036646
798297.60726866 2666775.00109974
798384.951778574 2666676.22056646
798381.854760189 2666586.88979179
798469.199781499 2666491.21036807
798466.327948126 2666405.60614111
798466.210667817 2666401.99602138
798174.041042238 2666076.40270107
798083.675882513 2666079.75848619
797998.539583528 2665987.67605636
797662.197386558 2665988.63236818
797577.57742777 2666078.09644693
797241.247504321 2666082.16324391
797147.653556329 2665986.99947853
796893.243758051 2665987.7372535
796816.640965249 2665895.63794758
796644.257151257 2665899.13607144
796553.505546096 2665803.96838535
796389.574608074 2665807.55106013
796304.426717431 2665715.4800515
796132.023299899 2665712.88931584
796046.970699506 2665620.80910206
795959.247244641 2665621.07008484
795922.645560389 2665667.28687929
795922.929896952 2665762.7192984
795714.498241328 2665997.3102587
795542.001749597 2665994.8434515
795371.892287173 2665807.48440809
795199.383692387 2665804.90509363
795032.045488653 2665626.85517472
794523.202367848 2665625.41780908
794477.877278773 2665582.44446294
794480.458809289 2665493.09953962
794389.69135083 2665397.95810523
794394.993341298 2665302.50966235
794224.87058256 2665118.2779802
794221.746630616 2665029.06789514
794009.029470688 2664798.74777911
793924.159097984 2664799.01285307
793841.934862246 2664706.93911698
793669.424392339 2664704.37974699
793414.121695431 2664431.20833816
793244.552949779 2664428.63464906
793159.37761418 2664336.58546002
792738.146122829 2664341.03290661
792647.360083624 2664245.90459807
792310.989930302 2664246.99131604
792225.904941452 2664154.83149485
791292.929516777 2664157.89339733
791214.07879457 2664256.68552226
790951.154582251 2664248.3543587
790872.306757959 2664347.14801782
790699.892601096 2664344.62478653
790615.332646186 2664440.33813289
790360.897448539 2664441.19540422
790321.143174127 2664392.11257223
790318.091499583 2664302.7993555
790278.357340108 2664259.82225912
790106.46190996 2664438.94594062
789939.646524114 2664436.41265186
789848.875997275 2664350.60574134
789594.440629161 2664351.47682038
789517.783969241 2664256.32191921
789345.401689439 2664263.01081751
789254.594682969 2664167.89580529
788918.209358212 2664162.85087689
788833.028397249 2664077.03186332
788578.590131221 2664077.92135264
788246.26768274 2664445.38391362
787813.754609832 2664450.02671374
787777.179006812 2664496.36811852
787904.874420614 2664631.35229895
787989.751782406 2664631.05125676
788026.665418642 2664680.12624733
788029.828748132 2664769.44798734
787987.549196841 2664815.80899565
786800.234376166 2664823.05787333
786718.648704434 2664915.78653812
786631.024460528 2664916.10479733
786591.259446786 2664866.92735695
786593.336910627 2664682.27769323
786502.656901003 2664596.38742505
786499.451977915 2664500.97222296
786419.930132779 2664405.83590254
786419.592440495 2664313.41526903
786033.581350923 2663902.32204669
785951.655429923 2663902.62411167
785866.43372769 2663810.62367578
785778.81425682 2663813.9422994
785693.686651579 2663718.83154881
785611.664076604 2663722.23659847
785526.534937173 2663627.12704114
785354.117370999 2663624.66943909
785268.890384333 2663532.67309438
785181.270061136 2663536.10166828
785101.734067357 2663440.97421207
784423.298676652 2663443.53665044
784336.018091325 2663536.19337876
783917.531606968 2663540.89294392
783830.243180225 2663630.44140312
783575.829972635 2663637.63249298
783488.530636096 2663721.0880015
783234.119133162 2663728.16811827
783149.694016514 2663817.82601637
782977.19803618 2663821.59807839
782729.530321462 2664093.42144553
782469.433451005 2664100.64304872
782303.447550598 2664282.94983372
782049.024626471 2664283.95541009
781961.680287022 2664379.71495262
781288.900943764 2664382.3996148
781201.647803393 2664475.07304874
780774.814984042 2664470.58366762
780698.117412387 2664378.58254987
780610.890694178 2664474.34891102
779678.003229735 2664478.16785107
779592.855680023 2664386.20798599
779165.942741856 2664387.97878228
778998.378841714 2664203.93870342
778743.983021612 2664208.1035181
778658.818595809 2664116.13956184
777299.095243635 2664115.71476165
777211.895458985 2664214.61070011
776711.532147711 2664219.87177885
776624.270484062 2664303.36513071
776369.8942675 2664310.56610758
776282.662435324 2664400.27241789
776113.039822554 2664404.11420033
776031.526939618 2664496.79087312
775859.021924609 2664494.43691413
775774.678120036 2664590.22765186
775689.892127787 2664587.6067438
775605.442634563 2664683.39884525
775520.693462876 2664686.76707435
775354.699380122 2664866.1409993
775264.248135287 2664869.53582103
775016.757022894 2665141.58335038
774929.154939512 2665145.08420169
774847.560744502 2665240.8566996
774759.941614563 2665238.14749038
774594.004296842 2665426.61711695
774421.619800987 2665424.39578017
774381.821716926 2665378.36717971
774378.54639156 2665282.96271695
774210.965444861 2665105.19474809
774212.979836443 2664920.4419527
774082.308775738 2664782.50582008
774000.283132383 2664779.77615499
773909.512264613 2664690.97927846
773655.111330544 2664692.13384173
773569.822123947 2664600.09743761
773487.907283209 2664600.47058673
773402.616883353 2664508.55214477
773057.757885826 2664510.13082637
772981.000480757 2664415.06524916
772890.646230828 2664418.58110144
772722.994370454 2664231.52224788
772550.527710197 2664235.41943163
772465.326975229 2664143.49638711
772123.30810448 2664145.08529664
772043.686196056 2664050.0495509
771956.089226641 2664053.45238451
771870.869229064 2663958.43317393
771698.40052322 2663962.34092654
771530.742867017 2663778.39852445
771363.923049066 2663773.08954489
771273.047174508 2663687.29558975
771018.632773659 2663688.49873571
770941.857981102 2663593.45651228
770851.500321862 2663596.98566087
770766.182817981 2663501.97446217
770514.613146481 2663503.17334649
770429.419571066 2663414.26873573
770256.906885107 2663411.98364483
770171.696944998 2663320.086852
770002.060183585 2663324.00227556
769916.847686493 2663231.99041848
769580.40951741 2663233.61529625
769489.475514095 2663138.65063465
769068.371190055 2663143.79886517
768985.886823865 2663048.78579135
768477.028531625 2663048.18029767
768389.898637857 2663147.12464835
768304.651024858 2663052.12964388
767713.792147701 2663055.0561967
767628.579821075 2662966.17016668
767114.029342688 2662965.74792347
767037.241083352 2662873.71288307
766013.970560299 2662878.88855856
765928.6249296 2662787.02057441
765677.066508827 2662791.40597154
765589.924341539 2662884.15492172
764908.598366249 2662887.66208026
764823.327740398 2662792.7006575
764659.395779584 2662796.65051511
764574.148166585 2662704.67411486
764314.018055342 2662703.03406566
764228.758168823 2662611.06005193
764146.73934409 2662611.4884319
764059.629906191 2662710.45681822
763723.257877747 2662706.12648148
763644.588871832 2662801.95250558
763381.621020329 2662803.33822015
763303.019689244 2662892.95486558
763042.894180571 2662891.23145872
762961.498066548 2662990.17546847
762198.238328842 2662988.15238315
762113.8948652 2663087.11633737
761268.73358307 2663088.5656356
761181.641021261 2663184.44927706
761099.583841777 2663178.69504145
761012.499973712 2663277.66905314
760930.486944809 2663278.11567292
760798.444147702 2663417.34955988
760801.795159779 2663509.74820333
760548.894152216 2663785.05759128
760554.690322357 2664342.17076426
760467.592987512 2664434.95789873
760471.433406226 2664616.55384232
760429.250679376 2664662.98780989
760338.810173871 2664666.47706954
760302.32372434 2664709.78009609
760300.097614527 2664805.20296913
760007.921340791 2665130.03788813
759925.926722169 2665133.58919725
759751.707164507 2665313.06574247
759669.713909609 2665316.61841531
758827.030174001 2666244.67301052
758657.408413559 2666242.51985997
758570.318238268 2666332.31225539
758488.42913783 2666335.88129293
758319.889151863 2666524.53485184
758147.567216871 2666528.60267162
758100.137218999 2666575.5816176
758063.186080339 2666612.18244953
757978.462478487 2666615.75966941
757812.761426039 2666801.30240222
757722.337114762 2666804.91303336
757475.272848145 2667083.33478158
757387.661559622 2667080.73143148
757342.632739699 2667124.08934793
757346.02006094 2667219.47932112
757177.506667601 2667408.25050127
757180.859725265 2667497.44064185
756883.215768531 2667822.36062318
756795.52947516 2667822.86093961
756714.169670301 2667915.62403844
756541.769150684 2667919.71043896
756463.240267463 2668009.47538943
755612.743583615 2668017.36964975
755527.369826098 2667925.55604412
755273.039123842 2667923.93304147
755187.805489019 2667838.22517145
755100.738156114 2667928.03614762
754682.557316515 2667930.47943056
754553.340497545 2668066.64647155
754553.899965529 2668162.05076384
754511.757298087 2668208.49973239
754257.433243987 2668206.89445816
754176.093724531 2668299.78711082
754003.700534933 2668303.7974837
753919.489523035 2668393.59789101
753834.779558428 2668397.19846467
753756.163737769 2668486.87119327
753665.753234204 2668490.50654191
753587.149175669 2668580.27541309
753496.72111415 2668580.81203869
753418.13648869 2668673.58604731
753327.806615337 2668674.12301384
753162.210910608 2668862.81237052
752907.928620572 2668864.32985498
752820.882595862 2668954.16350308
752648.489917661 2668958.29575884
752482.870347753 2669140.89864252
752398.147257297 2669141.4076527
752256.212854851 2669297.90339417
752145.531097694 2669419.94344239
752063.56614008 2669423.42093991
751976.538696117 2669513.25884965
751804.261082172 2669517.40014008
751718.87368741 2669425.50437005
750196.028938182 2669428.71577083
750109.061327633 2669527.75728688
750027.187228165 2669528.26254682
749940.066369072 2669617.99579069
749858.21204361 2669621.61238812
749731.914106509 2669757.78965704
749734.201924857 2670127.19842337
749650.067622463 2670223.12485169
749650.62044229 2670312.316356
749572.090365811 2670408.19778141
749566.94418087 2670497.541341
749443.549783737 2670639.91247623
749353.117801511 2670637.3745849
749316.690333066 2670683.80139292
749315.012270044 2670871.51142493
749400.385345699 2670960.29244816
749404.269574062 2671144.86830029
749275.289361297 2671287.27523328
749021.027356663 2671285.75860115
748852.676417007 2671474.61467315
748770.706856823 2671475.12692217
748683.722540648 2671567.97610611
748601.822019018 2671562.27846507
748514.878103182 2671661.32782254
748432.919623259 2671661.84194668
748258.949627185 2671844.53977968
748176.982623984 2671845.05526755
748090.005126432 2671938.01354945
747669.105702002 2671940.67025528
747590.61721912 2672039.56500048
746991.849933007 2672040.37505285
746906.43117258 2671945.51590943
746824.591677622 2671949.03193218
746733.578919216 2671854.20977979
746651.642429351 2671857.8442761
746566.317765917 2671762.98683734
746484.370877653 2671766.61178758
746308.056298197 2671579.94040226
746144.248265849 2671584.09362528
746058.928545916 2671489.23959583
745886.57524526 2671493.45077715
745801.272571883 2671401.59216861
745631.733828171 2671399.70545574
745293.237457856 2671032.48649005
745208.422315996 2671033.03794615
745123.103618856 2670941.3007091
745035.549947694 2670941.87108688
744864.789818209 2670755.17327939
744782.945550215 2670758.8077757
744697.504970196 2670663.97471352
744609.970050246 2670667.64739412
744524.62510141 2670572.804104
744442.682815716 2670576.45189662
744357.335309896 2670481.49303085
744269.79987855 2670485.17866683
744184.451520402 2670390.33776323
744012.097026487 2670394.57263927
743926.76707862 2670302.84375502
743762.946602285 2670306.91924575
743677.506363197 2670212.08243332
743335.686255297 2670214.34826161
743248.774046056 2670313.42728009
743082.048836494 2670308.44303743
742999.566856821 2670216.58442889
742912.605723963 2670306.4724555
742745.932335932 2670310.68500054
742654.912929368 2670218.88554356
742572.939278011 2670219.43410174
742485.992123329 2670312.4242607
741559.436602297 2670321.65599384
741472.485697373 2670411.54146347
740964.014702896 2670418.09296653
740882.660352936 2670507.84802999
739778.134861347 2670515.41448503
739695.61384506 2670420.58329797
739610.819159068 2670424.26791115
739397.392521459 2670194.95524661
739393.919796969 2670105.67288415
739354.062561356 2670062.8505705
739266.454682144 2670057.36396583
738927.781539039 2669690.31359059
738755.415453466 2669694.623301
738670.059253902 2669602.91862286
738500.536874884 2669607.09502921
738415.156980606 2669512.29248036
738248.446942479 2669510.47582883
738157.407250513 2669421.80782427
737903.14831426 2669423.59208734
737820.608717226 2669328.7736852
737230.100828667 2669329.83926544
737143.229019765 2669428.95220657
736976.562109426 2669433.23293784
736889.593305617 2669516.94533796
736635.360109664 2669521.86224671
736425.18731876 2669757.24212164
736428.561002756 2669846.40635146
736044.599420673 2670267.73398539
735795.929197968 2670266.41526378
735456.793070388 2670638.24498207
735290.14150195 2670642.42735471
734950.995657833 2671011.16806649
734696.792293353 2671016.10679484
734651.287533573 2670967.1296515
734656.233421476 2670877.90627013
734908.414212026 2670592.89261851
734904.376053257 2670414.429832
734818.894391038 2670322.7611221
734731.657444895 2669581.62525775
734726.781788805 2669301.57266546
734686.909893154 2669258.87087096
734604.934707607 2669259.46579578
734513.957065106 2669167.7227629
734429.136127416 2669168.33933684
734261.124073304 2668987.97142718
734179.223210742 2668985.57502227
734002.767485799 2668805.27205999
733920.799630271 2668805.87107599
733749.876535705 2668619.33214241
733662.337354116 2668623.07300923
733491.516709354 2668436.64317362
733409.537432633 2668437.24525799
733064.982034277 2668070.39245234
732980.275478981 2668074.11695447
732934.680542917 2668028.25745585
732939.66717209 2667932.82435488
732894.084850477 2667890.06443162
732806.54174818 2667893.81092381
732641.294815997 2667707.35159765
732553.718131984 2667708.00056006
732468.311304147 2667616.23127547
732295.9049887 2667617.51113093
732218.936035865 2667525.79758859
732131.358329058 2667526.44910798
731954.813962021 2667340.08285602
731872.85122046 2667343.68752086
731787.415754408 2667248.92980445
731705.453353778 2667252.64152166
731620.016353536 2667157.89556738
731533.173864711 2667257.02964624
731360.750673174 2667255.22185892
730946.02772756 2667713.80729906
730858.484966194 2667717.5658943
730777.318810218 2667813.57227097
730689.706669367 2667808.02310544
730563.660680371 2667953.66428159
730609.142086369 2667996.42761416
730775.865079879 2667998.27000598
730862.720865018 2667902.22067199
731371.285274624 2667901.39408447
731408.325907707 2667944.21281834
731411.8857401 2668039.58148333
731288.620044469 2668176.00337034
731116.244071893 2668180.29023836
731035.042459079 2668270.19207268
730947.493390488 2668273.96038446
730866.195294164 2668363.75755293
730015.857313757 2668373.28248684
729847.783210178 2668192.97219454
729593.49103314 2668191.80723287
729508.046702879 2668097.06383557
729248.086204873 2668099.04788428
729079.947494846 2668285.01865613
728743.810879348 2668287.59490221
728701.758729121 2668334.12347818
728792.882972007 2668425.70797809
728703.223539721 2668524.8897873
728706.753370175 2668614.0471985
728664.678548028 2668657.47654003
727642.087330251 2668668.46560267
727560.827759145 2668761.37905213
727306.549389817 2668760.36034991
727225.375733356 2668850.18615659
726711.20385899 2668857.29491158
726630.083217319 2668953.32225551
726542.443972443 2668957.10727292
726461.276452742 2669046.92643144
726291.71503711 2669045.26217613
726204.908175588 2669141.33622763
726120.164117868 2669138.90232029
726041.796836003 2669234.90034414
725951.412072738 2669238.72115932
725581.722890548 2669650.88780332
725576.834790472 2669740.21568008
725366.850364017 2669975.75442892
725284.893247819 2669976.40236853
725240.110409706 2670022.95105943
725243.602908202 2670118.31597418
725156.760419377 2670208.18644283
725157.515752295 2670303.57300671
724905.48889215 2670582.53461938
724906.197347038 2670671.82891443
724825.099036356 2670767.8649521
724827.272813241 2671041.71225689
724740.454189595 2671134.80077449
724741.211909032 2671230.18716789
724654.321348917 2671326.25934427
724657.87470362 2671415.42459688
724489.894015171 2671595.23252716
724494.159915935 2671786.08952397
724407.356804656 2671879.0733757
724410.912204945 2671968.33408903
724324.12579929 2672064.41751613
724328.440453206 2672248.95842282
724241.61722699 2672338.93935317
724242.328238861 2672428.12710723
724163.982094727 2672524.25025281
724159.054105708 2672619.67125073
723949.094055829 2672849.01715606
723867.144610581 2672849.67225522
723741.189309266 2672992.27675781
723739.156848335 2673081.58179218
723613.203933538 2673224.07037818
723531.217667728 2673218.63474271
723489.186484765 2673265.05967561
723484.361286483 2673360.59659011
723403.140240595 2673450.4307496
723406.749848933 2673545.79395969
723320.00452548 2673644.9817352
723320.721333181 2673734.26460905
723191.934087435 2673876.77910582
723110.048907705 2673871.34483407
722905.739791305 2674103.75792631
722900.173408746 2674473.17436359
722821.977785705 2674572.17888862
722826.138509216 2674747.63381023
722694.61955279 2674890.28007688
722104.439299047 2674898.04682895
722013.319147335 2674806.5046045
721764.852119583 2674805.42385281
721678.10065937 2674901.51051876
721423.96343553 2674903.58116398
721345.609279513 2674993.519137
721255.239005821 2674994.25691197
721174.164389853 2675087.20053383
721086.638675044 2675087.91631873
721005.509339629 2675187.07051253
720917.944247274 2675181.69488093
720836.740247943 2675271.54199581
720749.25118323 2675275.36928867
720668.197193595 2675371.41470195
720577.778848614 2675365.95826968
719909.056756267 2676113.18299355
719827.153507188 2676116.95897628
719494.252498579 2676485.86367594
719403.892793752 2676486.61253117
719325.586027162 2676579.6592847
718645.184827562 2676582.22104121
718559.670095023 2676493.6374171
718218.04994323 2676496.49424951
718136.979418436 2676586.47074774
718046.646817633 2676590.32753115
717968.374996485 2676686.3632279
717878.042225217 2676690.11483405
717796.974939268 2676780.09303694
717627.511029939 2676778.41872416
717546.399763874 2676874.48050214
717204.790692343 2676877.36102926
717165.61958063 2676920.78542728
717165.238931023 2677200.85387287
717123.251728176 2677247.41193938
716766.126710455 2677252.23798999
716533.188413811 2677255.40251274
716487.647344865 2677206.59276658
716483.22580904 2677021.95503545
716443.299534874 2676976.20770317
716361.457994329 2676973.80396824
716270.342956584 2676885.28256406
716188.39453413 2676882.98707476
716017.527863666 2676702.8677039
715935.603988253 2676703.56661272
715804.528924159 2676566.21449512
715803.713928293 2676470.83270428
715718.252721941 2676379.16757416
715718.71093338 2676099.1004923
715633.177108697 2676010.65289971
715625.216537278 2675733.75750015
715711.936631827 2675640.73648693
715712.472575563 2675369.86073786
715793.454799195 2675270.68012191
715789.032751974 2675086.14978408
715875.837226977 2674989.91276751
715876.243105488 2674716.05574618
715962.997122684 2674626.12425085
715950.59234352 2674161.49307898
715782.424995278 2673981.35649109
715778.764588201 2673885.9992473
715610.63678797 2673699.7722657
715611.853741638 2673521.29720568
715520.684495843 2673429.68372662
715525.554356103 2673334.25369403
715440.055306396 2673239.59910929
715435.652351318 2673058.06265818
715350.141369021 2672963.41949464
715349.374955841 2672874.2365136
715309.458739143 2672831.48664782
715137.114984558 2672829.8699524
714972.06851988 2673015.96499365
714881.724327419 2673019.73722614
714635.644669905 2673298.82344914
714463.458255037 2673303.41187075
714376.600424311 2673393.45928266
714294.711664805 2673387.95955214
714208.032652457 2673487.19795592
713445.559783799 2673490.73068429
713364.425163952 2673583.83318006
713110.311805291 2673589.04703983
713024.789742733 2673494.40813792
712855.353960221 2673498.9917865
712769.866672638 2673407.46422208
712515.687514269 2673406.58632443
712430.214204862 2673318.05401045
712260.723361973 2673316.55289069
712175.230449026 2673224.91264854
711839.161508358 2673230.97832474
711753.666379358 2673139.45757895
711493.849583824 2673144.7512166
711408.314565883 2673050.12305403
711326.408930285 2673053.94915363
711240.872378154 2672959.33275318
711158.96623116 2672963.15970512
711067.739708934 2672868.58455733
710985.893395354 2672869.31278623
710814.751252537 2672683.06841714
710642.561598823 2672687.70354632
710559.792725605 2672596.16626537
710393.165533742 2672597.65562301
710310.500814984 2672506.00225501
710138.212120777 2672510.64454374
710046.97605248 2672416.07655551
709965.165195737 2672419.90981467
709879.616029153 2672325.30261936
709715.75975505 2672329.76830577
709624.617442814 2672235.20253359
709452.271301711 2672233.76141771
709366.772592935 2672145.2495596
709284.807123924 2672142.87906546
709199.307903752 2672054.47443019
708527.159964946 2672057.46064596
708435.938897619 2671966.00314289
708263.644918979 2671970.56224443
708178.082285616 2671875.96647031
707923.947277828 2671881.38130898
707841.254261786 2671789.84999433
707668.903006717 2671788.32483892
707500.60746837 2671608.29666713
707074.175072631 2671609.1062081
706993.074375432 2671702.24245605
706569.52830264 2671706.13981026
706488.45914157 2671802.26091025
706406.453954083 2671796.81896756
706152.105012011 2672076.11861345
706070.187443824 2672079.97522639
706019.816914957 2672129.62451545
706020.642991085 2672218.90875303
705688.122802548 2672597.41185725
705733.657734733 2672640.0911503
706069.690025306 2672630.77094553
706156.399891921 2672540.79410636
706328.642730891 2672542.1963561
706574.603403441 2672256.8850716
706664.932935863 2672262.145298
706829.835357139 2672072.9689212
707168.822838746 2672072.95460209
707214.355384414 2672115.62826977
707209.582007663 2672204.84773043
707041.83247052 2672394.1628662
707042.679513913 2672486.42991024
706919.687074583 2672622.93600723
706832.181304245 2672626.8394982
706751.125098558 2672722.96929194
706663.620010082 2672726.87380571
706582.508403086 2672816.7960959
705992.338206812 2672819.26170983
705905.688344075 2672915.43701787
705733.408514077 2672920.02612134
705652.335261834 2673003.86074528
705480.057647889 2673008.55877625
705311.523287285 2673099.41675192
705143.809377446 2673288.63506325
705056.280082859 2673289.45022958
704933.381740521 2673432.16945549
704934.214123875 2673521.45318167
704892.248399689 2673567.92840191
704638.138791271 2673573.39966468
704557.046276418 2673663.44912218
704466.703618148 2673667.28698391
704388.553850344 2673757.29910945
703962.123670658 2673761.29720882
703876.574504074 2673669.82726176
703789.048107403 2673670.64992858
703708.019005741 2673766.78483628
703535.791849602 2673765.3070703
703457.540654787 2673855.21879162
703285.373332063 2673859.95227943
703204.29121561 2673949.99815715
703116.796184602 2673953.92380865
703035.763673629 2674050.07269453
702691.278507085 2674053.33370079
702654.990820404 2674096.76832675
702740.671415938 2674191.33904243
702614.892716948 2674327.9056547
702445.468526095 2674332.61237941
702275.00432483 2674515.79552788
702020.92437742 2674521.20610491
701934.15740484 2674611.31249791
701852.354389513 2674615.2020107
701765.695151171 2674705.20237412
701683.76582086 2674705.98429967
701597.129254438 2674799.20117783
701430.535473826 2674800.79349667
701053.389275496 2675222.80537938
701057.088889653 2675312.06012641
701012.406114827 2675358.67802633
700930.480875689 2675359.46404305
700843.910620372 2675458.67039931
700677.266552418 2675454.179484
700425.843992701 2675733.53282654
700087.090901246 2675736.7992877
699958.705954233 2675599.56734833
699954.931164762 2675504.23260598
699869.437399487 2675418.86839454
699868.5739914 2675329.59762374
699782.882656536 2675235.04497741
699781.959585501 2675139.67205078
699482.468975302 2674822.54081159
699397.7377025 2674826.47277031
699229.282437918 2674637.34599899
699057.12909337 2674642.12994461
698974.310614672 2674550.54766075
698883.948182396 2674551.42794493
698801.196355734 2674456.85330854
698634.631042871 2674461.57742074
698290.256849411 2674184.90277409
698207.462406358 2674096.54109615
698125.598023427 2674094.24407266
698034.357523025 2674005.84949487
697867.727944645 2674004.49156618
697782.182528304 2673916.05351966
697612.707368247 2673914.62041566
697527.090015438 2673820.0822589
697354.831152705 2673824.87779618
697186.438108054 2673644.97883729
697104.571338606 2673642.68778009
696927.709394221 2673459.88289472
696673.579159469 2673462.39760273
696587.925838426 2673373.95785156
696418.542218377 2673372.53855527
696332.878328469 2673284.21727767
696078.714852932 2673283.64417244
695993.124433682 2673192.21479619
695911.188796145 2673193.03064438
695824.613256395 2673289.27311586
695062.228007037 2673296.8905401
694981.294195626 2673386.87249323
694893.769844541 2673387.75022043
694349.168332634 2673993.28447807
694350.128224231 2674088.65433632
694182.486421325 2674268.80098168
694186.290871805 2674364.13146238
694099.682602666 2674454.29189296
694100.644028452 2674549.66158074
693977.86194363 2674692.46723269
693723.725913049 2674691.92395894
693464.005601024 2674420.72466623
693127.947570152 2674421.03269751
693042.346582036 2674329.62173154
692870.164428808 2674331.37156056
692787.296685562 2674239.82831332
692448.55228785 2674246.38851012
692357.249056121 2674155.04027548
692193.498811598 2674156.71220175
692107.78224783 2674065.20253622
692020.263181178 2674066.09748043
691934.653328853 2673974.70458382
691762.370430476 2673976.46890241
691679.592181651 2673885.03799198
691513.026527857 2673889.73977319
691338.879929458 2673700.78261511
691254.137235462 2673704.75292858
691171.332053079 2673610.22653395
691086.589018152 2673614.20843908
691003.782301578 2673519.68323771
690831.525484432 2673524.45184142
690740.175715603 2673430.01630494
690576.450359053 2673434.80621685
690490.785957748 2673340.32431373
690236.703112423 2673346.05263857
690145.379424826 2673254.61388672
689981.62048656 2673256.31206468
689895.983359745 2673164.93280531
689641.833691919 2673164.464025
689550.538642536 2673076.24485627
688197.987288078 2673090.38480442
688117.088251642 2673180.40306673
688029.607880673 2673184.43202035
687781.145455491 2673463.96520407
687690.780977628 2673464.91691332
687191.250390638 2674024.04652346
687109.364358581 2674018.70379173
687022.857345988 2674115.1017278
686768.782342079 2674120.78487927
686687.835063888 2674214.02681587
686597.485586995 2674214.98517327
686519.349285971 2674304.98246831
686434.720292507 2674308.99062514
686267.242818406 2674495.42097215
686179.705682404 2674493.2529911
686098.903299944 2674589.47858648
685929.499394493 2674594.39208593
685848.535922073 2674684.42296268
685250.097464034 2674690.81542137
685169.130411838 2674780.95590748
684745.613659123 2674785.49745106
684660.029547099 2674700.24199665
684572.452010758 2674695.09155006
684486.832782827 2674606.72816747
684320.217012157 2674605.42240124
684228.932702106 2674520.23121234
683974.804172009 2674519.97909377
683806.226172221 2674337.15068415
683724.268203695 2674334.92713132
683470.02392748 2674060.76378337
683379.664904515 2674061.74259664
683205.517794719 2673882.08143722
683038.895375892 2673880.89755387
682955.998483034 2673792.51456773
682783.784282279 2673791.28840892
682698.140336842 2673703.05372783
682616.188675542 2673700.83665269
682530.542002655 2673612.49696481
682442.967534694 2673607.35998501
682357.255573497 2673522.11049689
682275.434147888 2673523.00339552
682184.064605054 2673431.73579109
681421.768509187 2673443.07567187
681338.792520307 2673348.61217903
681254.126876747 2673349.54240962
681189.974718347 2673278.8890355
681171.183276325 2673258.18906101
680999.031806897 2673263.18182695
680913.305867523 2673168.75123396
680495.339132673 2673173.36062284
680404.029252787 2673079.00571657
680231.768003536 2673083.89228245
680148.889520959 2672989.44583617
679900.3358967 2672989.08956314
679809.017152604 2672904.04599742
679554.862711742 2672903.75791062
679469.193026004 2672815.43833767
678873.43957108 2672822.07336886
678787.634535683 2672730.75632942
678542.028601974 2672730.40176104
678284.312283132 2672921.04005053
678203.487910613 2673011.11047529
678034.082641438 2673016.10852565
677947.564719049 2673106.36100764
677862.898905023 2673107.31135317
677776.353537678 2673203.64604651
677694.487450092 2673201.46715566
677527.127085834 2673387.99347479
677445.340435201 2673391.9066823
677358.828649573 2673482.16240313
677192.273223713 2673487.13795204
677105.772006949 2673577.27826768
677023.845745018 2673578.20270244
676937.337880097 2673668.46080979
676855.456791542 2673672.48430853
676774.706401078 2673768.76973732
676684.348230441 2673769.79133745
676438.912080435 2674043.27861897
676348.653291222 2674044.30107143
676225.956439182 2674187.24940306
676221.377904571 2674276.46596581
676185.281139323 2674329.26835642
676100.516114338 2674330.22995268
676014.062287002 2674423.48535606
675844.667586691 2674419.20138594
675763.832133911 2674515.59915155
675083.537304823 2674526.34359611
674997.719825441 2674435.06064978
674661.783677447 2674435.79331078
674575.29643886 2674526.06454398
674239.336766618 2674533.01544786
674152.887371386 2674626.2814201
673644.801799552 2674638.21656663
673563.91145686 2674728.41859081
673222.297612293 2674729.26103164
673141.517901752 2674819.47464747
672379.319823585 2674831.40024794
672334.636025966 2674877.99718059
672338.586394969 2674973.32288826
672294.001978774 2675020.02465724
672212.085603846 2675020.97619602
672125.618139264 2675111.26123693
671617.48415521 2675117.17724436
671531.827254389 2675031.99509014
671450.951912667 2675122.10199453
671191.159664174 2675122.15466839
671105.382073733 2675027.68043622
670346.055147077 2675039.68104153
670260.282500138 2674945.31829384
669752.210054153 2674957.50845686
669712.097290658 2674908.68848277
669707.077761631 2674724.21422812
669751.654336411 2674677.50478819
669833.571734132 2674676.5389303
669920.026584262 2674586.24076354
670086.563599841 2674581.28703422
670214.782001997 2674438.22380881
670213.731934116 2674348.95661778
669822.060535459 2673941.31089103
669658.251139386 2673937.0458426
669572.567475472 2673851.99358313
669312.752214128 2673851.95471699
669226.965759478 2673757.60969771
669145.04324779 2673758.57930585
669016.356576727 2673621.64806773
669012.492292834 2673535.52409127
668935.134848976 2673441.07065589
668934.076598749 2673351.80414674
668842.685236322 2673257.52816602
668837.688549681 2673076.04745715
668714.582239354 2672939.05348771
668624.22202313 2672940.12639797
668588.087073594 2672986.73918393
668594.628178254 2673537.37210846
668680.517594105 2673631.72241216
668682.709269874 2673816.33508485
668596.267886524 2673906.64058163
668606.685207666 2674552.5983615
668525.960727968 2674645.81813757
668521.407251796 2674741.2425448
668354.213602861 2674921.67096974
668355.348733059 2675017.13390218
668277.42091142 2675113.42035377
668272.785611777 2675202.64833772
668192.150456036 2675302.07664014
668193.175806409 2675388.23419832
668106.772607345 2675481.52352435
668111.679288168 2675663.00508554
668025.352287211 2675762.50208559
668026.488099271 2675857.85881798
667945.674807014 2675941.8925457
667949.55664886 2676037.21654871
667863.196066187 2676133.61601897
667864.260112244 2676222.8717888
667733.336251106 2676365.98683574
667651.439138787 2676366.96411483
667565.045485795 2676460.26690764
667483.24622071 2676461.24384579
667315.988476723 2676641.67346398
667231.374995626 2676645.79480995
667067.039713284 2676832.40005463
666982.292928115 2676833.41517707
666895.989280941 2676932.81194336
666814.110067507 2676927.69183965
666727.698004233 2677017.90085292
666645.832428044 2677021.98213947
666565.084424098 2677118.32143539
666392.873462189 2677114.29947085
666306.576974569 2677213.7949367
666224.675430145 2677214.78022767
666135.416591936 2677305.02708429
665971.759080681 2677310.09690066
665804.71288446 2677496.74851198
665714.345167751 2677494.74008669
665511.063788242 2677727.90919371
665515.068024364 2677823.23046927
665425.818902693 2677913.57687778
665430.892810234 2678098.16363971
665135.621393235 2678427.81932489
665050.906996523 2678422.63717172
665009.103044158 2678469.33723604
665092.141764366 2678563.69060812
665096.148387006 2678659.01171322
665179.05192802 2678750.38534723
665188.049271006 2679024.07565323
664642.174210863 2679633.68318556
664560.394208387 2679634.67597701
664393.248971673 2679818.24505951
664308.618103088 2679819.2738192
664222.240985255 2679909.60266976
664058.508128221 2679914.69413525
663972.207378961 2680011.11457278
663890.456526097 2680015.10329653
663845.78108129 2680058.73225323
663841.28249503 2680148.0546751
663805.171581139 2680194.68876925
663720.446104166 2680195.7221315
663467.111432206 2680475.71165153
663385.239378325 2680476.71211393
663298.861237699 2680566.94004888
663217.017822033 2680571.03974572
663130.726959776 2680667.46495628
662958.606174151 2680666.46347108
662877.894479371 2680762.82168868
662115.984658474 2680769.18840706
662029.69294389 2680865.61992485
661267.86511693 2680878.01618074
661187.657829756 2680783.63996627
660933.661580939 2680783.79321481
660842.247205661 2680695.65979026
660760.513058422 2680699.77227202
660591.650551606 2680511.13132756
660509.806965474 2680515.14050718
660249.663898848 2680241.48122591
660164.939785599 2680242.53572589
659990.516010191 2680057.07055491
659908.632876048 2680058.09130271
659822.825454134 2679963.8039008
659650.765524715 2679969.05014903
659481.994898838 2679789.62286836
659391.603828347 2679784.54504011
659308.613690825 2679696.42303675
659226.87323636 2679700.43869407
659055.204695879 2679518.06065446
658885.816984657 2679517.08559143
658796.620707311 2679607.36449558
658632.99609591 2679612.51732868
658587.3513839 2679570.00696701
658586.153522375 2679474.66489465
658672.46790888 2679381.31164404
658668.428386386 2679285.99463012
658835.541575575 2679105.47091493
658752.456318268 2679011.14584013
658747.394002384 2678826.57561336
658791.969042973 2678782.92176869
658873.849449667 2678781.89437273
658915.457878028 2678729.0989712
658832.554337014 2678640.86241498
658831.435571511 2678551.71659544
658745.542234952 2678460.41950047
658727.16894496 2677442.32703942
658641.269471641 2677351.14790662
658633.188892464 2676708.17906997
658550.233870848 2676616.95322961
658549.555929296 2676336.9611526
658463.609407481 2676242.67477348
658462.486380339 2676153.42326529
658376.760952361 2676068.32446873
658371.517431582 2675877.66640524
658288.59496889 2675789.55122051
658284.541297754 2675694.23488845
658024.15872701 2675420.62657638
658027.525421918 2675235.94077396
657941.607879249 2675144.76709606
657940.481101864 2675055.50535993
658021.189557799 2674959.13026625
658016.007404623 2674774.55253899
658066.240879177 2674727.84275813
658148.154015259 2674726.80973681
658279.666493992 2674863.60272735
658276.402248888 2675048.17039714
658362.22245572 2675139.46425326
658363.423044694 2675234.80581422
658449.298652835 2675322.89474726
658450.498559947 2675418.23630822
658664.993334786 2675640.16696147
658709.568034444 2675596.5126054
658705.702216361 2675507.40156084
658786.316063907 2675411.03192205
658784.520720576 2675041.77776798
658870.901588651 2674951.53312741
658864.532995143 2674671.6128164
658945.326342929 2674581.32215013
658948.599111311 2674396.75413941
658731.121018619 2674165.67852
658649.311355135 2674166.70710922
658474.77098128 2673987.36898204
658390.145226662 2673991.42708528
658221.170042107 2673802.82193859
658139.300204279 2673806.95300109
658047.843553541 2673712.75032056
657965.924621629 2673713.78436468
657788.624239812 2673534.49021761
657706.704285107 2673535.52579592
657623.724375519 2673444.30694465
657451.46073975 2673446.48702876
657365.62433869 2673355.19982079
657111.468875034 2673352.33071487
657028.454531402 2673267.2175992
656943.797070189 2673268.29238458
656855.07519851 2673174.05271303
656770.446886909 2673178.23730172
656687.322422522 2673083.92756882
656348.609901872 2673091.23133642
656259.922634702 2673000.09362675
656092.124685339 2672906.87777139
655838.069625902 2672913.2201132
655752.12259269 2672821.94466735
655582.803238159 2672824.11026189
655496.815804608 2672729.84450911
655324.6820636 2672735.1582617
655241.535950086 2672640.85773394
654815.263110116 2672646.32882625
654729.45500634 2672558.15670602
654475.316930172 2672558.43371256
654392.162975242 2672464.03243965
654138.111666047 2672470.41603413
654052.250377014 2672379.25650487
653970.334513483 2672380.31373231
653878.744558673 2672286.13082579
653706.59718042 2672291.46452285
653623.526583151 2672203.26410534
653541.667314188 2672201.22465532
653495.83764704 2672155.74256746
653491.838695351 2672066.51986795
653108.135027667 2671656.15811335
653026.272349392 2671654.11116284
652940.342021806 2671566.06893737
652852.832160294 2671567.20543129
652766.955870291 2671475.94839573
652685.035233724 2671477.01346458
652599.118543383 2671382.77617955
652511.648059416 2671387.0129307
652425.729493954 2671292.76609959
652343.798288522 2671293.83321403
652252.2410631 2671202.77033875
652170.406682109 2671203.83711225
652084.476695454 2671115.68374323
652002.601573193 2671113.65366882
651919.515293092 2671025.58093001
651747.242281717 2671021.62374239
651655.749492279 2670936.65501105
651573.816411726 2670937.72655759
651487.899039522 2670843.48603371
651324.179819733 2670848.72836124
651232.562931364 2670754.57460433
650642.38233669 2670762.32209379
650556.488829665 2670671.18557738
650296.711411676 2670677.59763961
650219.218106763 2670583.25398406
649965.128613281 2670589.71394712
649876.04552507 2670680.1525775
649794.111592189 2670681.23452244
649702.605335972 2670596.27908742
649112.446390425 2670597.88231606
648513.715413476 2669962.90166625
648426.187482615 2669964.06611652
648340.273860653 2669872.83788964
648173.660987898 2669875.0568399
648084.912694057 2669783.98492994
647918.298798508 2669786.20694858
647826.653101458 2669692.06614706
647490.528759481 2669693.45833933
647410.013952428 2669792.99744437
647240.556691256 2669795.26548871
647115.298764567 2669932.27940262
647119.419940067 2670027.58789326
646821.599210542 2670351.55360835
646736.86214191 2670355.78933671
646650.545539354 2670446.22097801
646613.228581591 2670400.53126309
646609.094280243 2670305.22311338
647032.083271569 2669838.03103732
647028.191713186 2669751.91950484
647108.703963255 2669652.37852468
647107.509511041 2669563.23850097
647149.3194297 2669519.59641842
647234.005699593 2669518.46231102
647275.774536052 2669471.71212982
647270.205255578 2668638.13244864
647178.695249118 2668546.99763689
647174.647032881 2668457.88539907
647091.433074072 2668363.64760264
647087.39235832 2668274.42916477
647004.305907754 2668183.28889812
647008.618345617 2668087.86755927
646747.991668183 2667814.4750566
646746.793124796 2667725.22934424
646666.76925857 2667637.64720533
646660.717731013 2667631.02223162
646659.518505764 2667541.76595039
646527.73771423 2667399.00155111
646445.795769468 2667400.10344052
646185.162443877 2667135.92238559
646103.234306825 2667130.93541549
645934.100759761 2666948.59112807
645843.752476126 2666952.90850943
645760.511072362 2666858.66917881
645670.120342802 2666859.88988272
645587.024857561 2666768.64188183
645502.332450907 2666769.78672857
645419.171677355 2666681.75592429
645246.889631305 2666680.98882925
644816.982806421 2666228.40156094
644562.695572883 2666225.65723581
644479.568040116 2666140.73043901
644307.237581846 2666136.86632558
644221.369303725 2666051.87219488
644139.410482871 2666052.98806246
644047.716203136 2665958.87453543
643965.864093726 2665959.98989162
643879.802507654 2665868.90979932
643797.949886847 2665870.0261783
643367.973852944 2665417.48664035
643113.715087156 2665417.86677856
643024.949576293 2665329.91711589
642770.689787711 2665330.30356133
642684.765085488 2665242.22161738
642602.802002996 2665243.34634918
642516.824967844 2665152.26335896
642347.315544209 2665154.59225951
642261.303563616 2665060.42333117
642173.790122328 2665064.7255411
642087.669214239 2664970.54860087
641833.487328421 2664977.04163424
641747.470915724 2664882.86554635
641578.001551497 2664888.30169321
641491.97320621 2664794.13787884
641328.20250582 2664799.49833899
641241.877209519 2664889.84542937
640897.294877604 2664897.71122193
640814.019551192 2664803.51365538
640559.837665374 2664810.13556072
640473.802330999 2664715.96782563
640219.627434269 2664722.48966768
640136.336936422 2664628.2857939
639964.118474028 2664633.78995653
639880.825760128 2664539.5877874
639708.606274941 2664545.08427908
639622.57383848 2664450.93256776
639534.917376583 2664452.15446493
639457.362022204 2664360.86725696
639367.054991236 2664362.12733842
639197.848143979 2664182.96717728
639110.287483728 2664184.19060864
639024.151404205 2664090.03344243
638942.323500905 2664094.27598941
638856.176170654 2664000.13075578
638686.762548666 2664002.50227272
638600.656130151 2663911.44587513
638513.094106176 2663912.67288626
638427.048373402 2663818.41224745
638254.714335355 2663823.92834266
638171.513161464 2663729.74611801
638089.542748952 2663730.89727197
638003.623842558 2663645.93280227
637831.265939331 2663642.26523564
637662.031817583 2663463.12484852
637492.495630854 2663465.51238922
637406.571780959 2663380.5624091
637318.920944425 2663375.70737934
637149.677276605 2663196.57364037
637064.859066365 2663197.7709905
636981.646300815 2663103.58569746
636891.23460399 2663104.86316641
636807.965073408 2663013.67210102
636717.552865186 2663014.95059276
636548.395112011 2662835.82316101
636466.420096929 2662836.98403151
636122.17153659 2662469.63295501
636037.34906471 2662470.83661236
635779.16260184 2662197.62275761
635688.789771164 2662202.00576822
635605.562516041 2662107.84007872
635520.835504878 2662109.04544073
635437.553189378 2662017.96926914
635355.573742191 2662019.13644686
635263.981400863 2661931.17195369
635091.548663253 2661930.53151456
634922.21788753 2661748.43508407
634840.38691585 2661752.59546665
634754.199014795 2661658.47716658
634666.624205903 2661659.72855429
634580.541652567 2661565.59917396
634493.01082379 2661569.94928471
634323.666751753 2661387.75432513
634241.728386767 2661392.02602172
634026.51629283 2661161.31059604
634022.391367088 2661072.11142078
633939.146554013 2660977.94556082
633931.041939191 2660612.03065671
633844.948305593 2660517.91712967
633849.261254853 2660428.58635499
633582.547422559 2660155.53785184
633585.488976348 2659970.87813065
633499.389035524 2659876.75642127
633498.018492382 2659781.42730429
633412.039241178 2659696.49334793
633408.455884537 2659447.36082261
633316.784106255 2659362.62631097
633319.632756312 2659171.76062042
633236.46158436 2659083.80601425
633230.870484294 2658893.17880502
633139.147907275 2658805.23101748
633143.598933642 2658719.00731865
632922.636695267 2658488.39400185
632840.55002524 2658483.48732103
632800.356972464 2658440.98752823
632799.069105121 2658351.73772469
632753.236199128 2658306.22103232
632585.165163929 2658216.3870433
632497.56989917 2658217.65257965
632411.487686764 2658126.64681033
632329.496477454 2658127.83239834
632243.367557484 2658033.7193827
632155.781156933 2658034.98696464
632072.442587797 2657943.82692399
631987.701768922 2657945.05427605
631898.813352386 2657857.19086896
631732.0249001 2657856.51071136
631640.286640248 2657768.57349267
631558.283839279 2657769.76385371
631475.048913206 2657678.72262756
631130.226054378 2657680.63644446
631046.925669528 2657592.68661132
630880.089316417 2657588.91881094
630796.937918471 2657503.97121733
630709.338903469 2657505.24783395
630623.098328554 2657411.1467509
630535.508689157 2657412.42439031
630279.963931147 2657139.27940365
630198.003235172 2657143.57513588
630106.269577891 2657049.56832029
629933.815361621 2657052.09069926
629850.565945975 2656961.04913217
629005.505749925 2656973.4441948
628922.242356103 2656888.50955658
628749.893998948 2656891.04472046
628663.734736108 2656796.95488814
628494.180139097 2656802.56081871
628402.324258006 2656708.43979119
627984.023581114 2656711.63005424
627897.994042569 2656626.73189565
627728.392056132 2656629.23876225
627642.224781409 2656535.16614695
627554.67639468 2656539.55972642
627468.408204344 2656445.37289919
627214.092162126 2656452.23874076
627130.776605841 2656358.11651998
626876.459540829 2656364.9988967
626790.18760025 2656270.92253116
626538.725322056 2656277.75802985
626446.853758133 2656183.66103797
626192.534136139 2656190.54511935
626106.364133967 2656096.48222059
625854.889752718 2656103.3299928
625768.609629792 2656009.26010495
625341.847894582 2656012.53764637
625258.501484029 2655924.51758142
624831.774353329 2655930.90816499
624748.436125124 2655843.00776687
624575.974749299 2655839.39866992
624492.680842141 2655754.59733577
624150.654470907 2655756.62792158
624064.560496378 2655668.66717865
623892.001273319 2655665.17382783
623814.393756477 2655580.17441269
623554.340013808 2655577.89716321
623471.029060093 2655493.10247722
622962.231112663 2655497.68902371
622876.036222519 2655403.63601195
622534.10497107 2655411.80506276
622450.693101741 2655320.8108851
622196.315180523 2655324.66903223
622110.161372581 2655233.72906262
621686.214194314 2655243.26984983
621599.998166441 2655149.11899083
621345.674794204 2655156.08966872
621256.611139067 2655062.10126341
619478.859343508 2655092.40543829
619392.532513017 2654998.37612125
618377.922833925 2655017.1065366
618288.842473162 2655107.64182096
617782.99000023 2655118.5635497
617696.760676042 2655209.04752393
617275.713969364 2655221.78266536
617192.220276563 2655127.72300544
616759.834882364 2655137.54062873
616676.444662161 2655043.482503
615234.950853583 2655065.98600317
615154.440478635 2655156.40588234
614900.113697087 2655163.49077215
614814.000630414 2655260.19690996
614565.135224637 2655257.89681809
614479.0734681 2655357.70236081
613715.970217783 2655369.71370545
613629.770384138 2655460.33780237
613039.080608821 2655472.76491252
612952.883843556 2655563.27616124
612616.672734607 2655571.69698968
612536.07661548 2655662.23858127
612445.672248674 2655666.66386733
612368.030297788 2655763.23925806
612277.676729721 2655764.67253253
612197.093565977 2655855.21582877
612024.633383412 2655851.75776432
611858.013180637 2656042.11205817
611606.512036294 2656046.11186219
611526.071211297 2656145.8451275
611099.318681228 2656149.54644632
610766.014010161 2656523.97627587
610593.71048545 2656529.82733592
610553.398277244 2656484.29581305
610544.603106418 2656112.21721503
610589.144906222 2656065.43532724
610671.044916456 2656064.12649263
610757.272535988 2656148.79844342
610885.078752408 2656014.53226395
610883.557006309 2655919.20195371
611008.577985862 2655781.88324737
611172.488808947 2655779.26898746
611469.783993134 2655448.3825409
611468.36469684 2655359.25751816
611292.958698846 2655177.44337865
611291.439509731 2655082.11306841
611251.174690953 2655039.67702973
610824.389431495 2655043.38789461
610740.962220264 2654955.56233088
610650.407332365 2654950.8128193
610612.986902004 2654908.33314144
610605.862975578 2654634.68101972
610691.950983812 2654537.96141513
610689.001588606 2654353.3899951
610769.487757444 2654262.95664915
610745.951917817 2652789.77056459
610790.445305401 2652739.89182888
610872.324518835 2652735.47523655
610914.068637787 2652691.73104513
610912.546721222 2652596.41164469
611079.242951639 2652409.13272009
611077.820927896 2652320.00820875
611163.876377207 2652220.18289203
611162.502595219 2652134.04971042
611242.954500478 2652040.51048187
611232.750943154 2651579.20219526
611319.055954053 2651488.57281391
611313.169437162 2651297.95821914
611402.228148798 2651207.39156912
611397.861843816 2651112.10694365
611442.312785474 2651065.22294699
611778.833800821 2651062.96342592
611823.335370752 2651019.17798183
611819.079016059 2650923.89148124
611944.043741976 2650780.37430603
612026.080806524 2650785.16046769
612112.191657144 2650688.44853405
612278.961017288 2650682.80799897
612368.109564276 2650776.74748067
612450.147481152 2650775.44580561
612494.504496283 2650722.35941936
612493.090825353 2650633.22399822
612579.312137659 2650542.60331062
612577.80078996 2650447.27300038
612613.852211368 2650403.62375827
612701.549414536 2650399.24177046
612746.056098433 2650355.45905382
612738.774150428 2650075.61238393
612528.9247327 2650035.8611779
612356.395341116 2650038.59834348
612314.785719495 2650085.43443932
612316.200413219 2650174.55929159
612229.977907654 2650271.2823055
612231.394987896 2650360.52375622
612195.384137292 2650407.27138043
612022.966741583 2650410.01076206
611976.986041945 2650367.66404734
611975.470603072 2650272.33390757
611935.24243439 2650226.79778212
611848.924127178 2650317.31755412
611512.581930208 2650325.76940729
611466.609242452 2650283.42422676
611465.090394268 2650188.09442792
611509.643615265 2650141.31492664
611597.282519209 2650139.9191546
611462.151738393 2650003.65051614
611423.489636857 2650056.53268464
611253.719571372 2650053.04257266
611045.183249892 2650102.5454318
611082.615101445 2650145.0254506
611173.101291722 2650143.58160726
611297.038280747 2650286.12695829
611298.461156818 2650375.36806808
611217.842706702 2650465.80073217
611223.633592411 2650650.3157281
610845.896901364 2651080.82804667
610763.958536378 2651082.13722221
610719.362869456 2651125.92743933
610720.789325303 2651215.16837866
610634.681372598 2651311.89889305
610640.380206901 2651490.20809008
610559.881253146 2651586.84945098
610566.083813194 2652146.6731969
610485.479852651 2652237.10961124
610487.012849477 2652510.95640463
610406.618050182 2652607.5969132
610408.143376058 2652702.91597271
610321.947292655 2652793.45330266
610323.375623624 2652882.68384358
610242.886556872 2652979.3265682
610250.215212442 2653259.17102204
610333.557702287 2653346.98397132
610334.986033256 2653436.22508111
610207.25192377 2653576.70200298
610122.433372598 2653581.15865471
610036.253994821 2653671.68677952
609954.340347342 2653672.99987576
609918.335633498 2653725.84317812
609919.766521451 2653815.08411744
609703.020066964 2654046.25673176
609621.049313521 2654050.55399819
609454.488773694 2654237.84707143
609118.143508344 2654246.35296219
609031.842588619 2654152.38756973
608944.238630116 2654153.79783135
608863.656489165 2654244.24259849
608773.246667461 2654248.80800726
608692.873176362 2654345.44681117
608610.856567682 2654346.76894209
608444.215397643 2654534.07480025
608189.783609307 2654535.07372846
608109.31738494 2654625.63748057
608021.70677828 2654627.05336755
607896.813477434 2654770.49639024
607892.553713431 2654859.81847118
607690.042497345 2655099.97888241
607605.281393068 2655101.35130068
607519.127244195 2655191.89357412
607010.340377026 2655197.1524368
606926.889471082 2655109.2544252
606412.553608843 2655117.61678396
606329.098611725 2655029.71178327
606074.62795724 2655027.76728257
605988.462216708 2654943.01725855
605900.863883568 2654944.44593045
605860.483659602 2654895.93722648
605859.027713212 2654806.69748042
605818.686184929 2654761.18010619
605731.137116337 2654765.70733066
605644.817786331 2654671.76290547
605562.813451172 2654673.10242388
605432.133355792 2654810.57062852
605436.547561597 2654905.84144628
605356.192992176 2655002.62548685
605351.957093352 2655091.84136774
605232.738932096 2655232.22214702
604972.618366925 2655233.37091447
604889.25473935 2655145.58967178
604764.288308778 2655282.97025712
604771.624635298 2655562.80993792
604685.481907617 2655653.36874652
604687.044906383 2655748.69684071
604606.607831628 2655839.2686047
604602.478644247 2655934.68994355
604441.499999346 2656115.74124966
604437.362118222 2656211.15219011
604315.366902447 2656354.68402536
604230.613980517 2656356.07604716
604188.952196434 2656402.94657705
604190.518434045 2656498.27450077
604024.058298436 2656685.61666809
604025.523449967 2656774.73930431
603944.989380306 2656865.3269216
603940.864795496 2656960.73786205
603860.539546151 2657057.41280466
603862.005720476 2657146.53527042
603775.982148225 2657243.41051007
603781.763487862 2657421.72550293
603445.827510334 2657796.3646642
603451.724596089 2657980.88460363
603371.408381419 2658077.55136389
603372.877453659 2658166.67382965
603286.912521562 2658266.54312648
603288.333011115 2658352.68500184
603083.093664127 2658592.95365871
602995.415723568 2658588.1939192
602915.050073885 2658687.97286929
602833.066024128 2658683.23682449
602700.881229206 2658553.0805698
602699.305445523 2658457.75281654
602824.121866398 2658314.16097741
602906.207343167 2658319.01191599
602950.617373089 2658272.09246249
602946.187825382 2658176.82249706
603071.060329429 2658036.33006283
603161.596977513 2658041.03235544
603197.45662516 2657988.058306
603195.884250789 2657892.74112161
603282.004136084 2657802.17413065
603280.532506861 2657712.93489598
603194.215051977 2657619.00496036
603191.17036652 2657434.44888224
603232.888574706 2657390.7894122
603399.572531602 2657384.94278425
603530.051136684 2657244.36187839
603525.725061575 2657155.16969222
603479.697654372 2657103.6623285
603438.140706612 2657156.61285369
603439.611483506 2657245.85208836
603395.145370413 2657289.66224996
603313.205812168 2657294.00520116
603054.258391016 2657018.43431904
603009.954220209 2657071.43138133
603020.365915988 2657529.62935324
602898.238078003 2657670.07695503
602471.538562724 2657674.022551
602385.535616807 2657770.79960249
601794.909766077 2657780.58858756
601714.594062805 2657877.27512183
601627.014651342 2657878.7291931
601540.590144083 2657784.81119007
601368.317644104 2657790.77220041
601284.737184331 2657696.81925194
601030.468020144 2657704.14824844
600950.16697691 2657800.83870342
600526.273324831 2657807.90416016
600431.75954465 2657735.61363475
600344.169734788 2657737.0757179
600257.996834703 2657652.3499
600171.897405275 2657743.05121782
610433.139935111 2654265.23526236
610555.314139729 2654127.94758075
610637.235117227 2654126.63789381
610683.19757705 2654168.98102876
610602.761013692 2654268.61303753
610602.912728044 2654450.12033902
610564.070614871 2654496.91705732
610476.458644486 2654498.3181138
610436.189905 2654455.8846321
610433.139935111 2654265.23526236
610510.568463109 2653805.62327858
610552.171266107 2653752.692016
610637.028512962 2653757.42567427
610680.204883591 2653802.91134191
610684.46788644 2653898.19750157
610553.790177578 2654032.62818031
610513.520074367 2653990.18395928
610510.568463109 2653805.62327858
610188.937614864 2654733.60781245
610394.442547203 2654499.63018725
610437.617383641 2654545.12591236
610437.721538101 2654729.62590731
610312.649248413 2654863.96896675
610188.937614864 2654733.60781245
773792.304744696 2665661.17875716
773828.800569833 2665608.59507387
774083.227585133 2665616.75662419
774128.705070423 2665659.65837479
774126.680791839 2665844.29440127
774081.602366437 2665887.6044169
773830.069174567 2665888.74091082
773790.294614754 2665845.81427224
773792.304744696 2665661.17875716
644604.049155225 2672184.33850691
644681.826796701 2672087.93085431
644684.912564358 2671903.2534047
644851.893301803 2671719.46305789
644839.944177093 2671258.22704868
644970.77121379 2671114.90045396
645052.701225963 2671113.7908936
645141.719196329 2671020.33178387
645223.640003361 2671019.22341677
645345.942227619 2670876.02603495
645344.735501884 2670786.76992419
645467.03124845 2670643.57356517
645615.687278589 2670642.45701572
645983.864942614 2670639.69803055
646107.09467001 2670776.48317967
646108.378616646 2670871.82934321
646027.756416287 2670962.18785477
646031.787074571 2671057.48645842
645942.723248969 2671147.95901145
645947.696922759 2671517.03690412
646208.278938214 2671790.41849699
646210.582439394 2672165.72980398
646385.19696577 2672344.91928519
646391.439585225 2672809.33430672
646266.175692242 2672943.37308513
645924.673843551 2672954.06110558
645843.95720527 2673044.42166274
645759.301960109 2673045.5629297
645672.996267349 2673135.88291605
645649.347749983 2673136.42482608
645337.048698162 2673143.51755731
645076.392189255 2672863.95522398
644994.514169079 2672868.16214366
644908.650834459 2672780.16901227
644739.146524791 2672776.26910108
644607.382268418 2672639.61111926
644604.049155225 2672184.33850691
645056.548292834 2674116.4170401
645092.625454543 2674063.65777727
645264.858747441 2674067.41961135
645302.127974846 2674109.99764785
645308.670102299 2674383.7015911
645267.005590767 2674436.64205883
645100.447948855 2674438.89407941
645054.663625548 2674390.23468388
645056.548292834 2674116.4170401
657846.47138836 2674315.27620192
657888.262555807 2674268.55585219
658054.791218573 2674263.35511827
658100.57093931 2674315.05067598
658101.696693901 2674404.31258256
658059.942858412 2674454.01369316
657887.750647715 2674453.19460612
657847.675557111 2674410.61742195
657846.47138836 2674315.27620192
703257.159576401 2675663.45613743
703343.76477716 2675567.25628234
703342.923359131 2675477.98363642
703720.144391844 2675056.01726802
703802.062812358 2675055.24727507
703933.436361657 2674918.53218729
703929.804592795 2674823.19352424
704016.477638848 2674733.19486548
704015.582865097 2674637.83029166
704180.421191321 2674448.51055332
704179.585398656 2674359.34376652
704224.320847341 2674315.83379478
704306.214720815 2674311.9674653
704392.902085976 2674221.86465208
705070.467761368 2674212.54683383
705196.073096878 2674349.85292572
705200.506906223 2674531.27158513
705113.901534999 2674630.56027625
705114.788978731 2674725.92536146
705072.905248482 2674769.40618359
704990.956826028 2674767.18672193
704823.227403822 2674953.30869674
704732.903326297 2674957.250372
704565.287604623 2675143.48008104
704483.330658891 2675141.14691885
704441.450167488 2675184.62927517
704442.341872858 2675280.00475878
704400.393365695 2675326.5870314
704315.720392115 2675327.37918488
704150.888714049 2675516.58027918
704060.530032015 2675517.42715211
704024.212343394 2675557.75930479
704019.4198745 2675653.18797366
703983.217931997 2675705.80950031
703892.803337258 2675700.56580906
703602.208131637 2676026.43494265
703601.071296784 2676207.90440079
703520.183681541 2676307.14791854
703523.924548365 2676402.49629813
703479.100116654 2676446.00882685
703315.339132801 2676444.55816489
703269.81016691 2676401.89660027
703257.159576401 2675663.45613743
729211.713285409 2668517.8954147
729256.621756644 2668471.3571222
729592.73229091 2668465.80028572
729638.36813871 2668514.641568
729633.34758689 2668603.98137735
729597.0302392 2668656.54613897
729255.139558556 2668649.84428528
729215.250616348 2668607.16993574
729211.713285409 2668517.8954147
