674580.636547 2728394.03253
674911.624557 2723586.25664
673688.288392 2719727.22618
673014.420525 2715771.56454
674856.374641 2711874.56381
674826.055788 2708481.12283
674452.283394 2705736.33182
674559.403326 2701142.22211
677696.106895 2698041.51203
680652.013612 2698000.99128
683022.745388 2699588.47162
685403.679062 2700738.41771
688545.196739 2702124.98424
690684.409013 2704254.28146
697674.755245 2704855.04609
701447.069564 2707350.75112
704392.774382 2707747.76463
705946.811715 2711505.06294
708948.340133 2714201.68177
710326.968404 2716094.35854
710835.629108 2717747.86438
709314.174261 2721980.66723
708075.248408 2723483.98191
706625.206849 2724654.04495
704862.317443 2725160.15518
703079.024241 2726541.33393
701440.821248 2726393.69325
700023.935858 2726141.76995
698502.767853 2725668.52905
696427.030601 2725510.68646
694437.722643 2726339.84644
692985.130609 2727619.29304
690136.056982 2727771.74783
687513.401908 2727601.15288
685653.881311 2727557.79481
683244.892416 2727611.06794
682021.26941 2728458.08123
679825.946696 2728735.22244
678719.358678 2729256.63551
677078.605209 2729218.37839
675338.670075 2728740.03654
