658089.962355804 2693876.68799784
658176.22747776 2693786.44403913
658169.972073387 2693506.51707996
658256.239922793 2693416.27363265
658249.964744414 2693142.43826045
658336.147701968 2693045.98816191
658335.029788793 2692956.84114912
658421.22416754 2692860.39139151
658411.014132525 2692491.2468468
658491.60070558 2692401.06510803
658496.094859736 2692305.65041733
658657.366875874 2692125.08544948
658661.755000448 2692029.66138318
658742.37515522 2691933.28322112
658742.905814523 2691748.7464056
658823.468181469 2691655.36178932
658826.876981372 2691473.78169903
658907.433382022 2691380.51436306
658903.49835492 2691285.19445123
658989.706882309 2691188.7581604
658988.59101472 2691099.49437869
659155.400434272 2690912.87992887
659154.285759942 2690823.62671602
659234.915972182 2690727.25077001
659234.338264382 2690453.45000232
659275.913622424 2690400.5402184
659360.654270833 2690405.69066498
659527.437950084 2690215.98192422
659609.25255707 2690214.96236967
659653.786004061 2690171.3233555
659649.941153243 2690082.09332597
659730.433458841 2689982.62308903
659734.926249272 2689887.19799993
659946.439751845 2689659.94404802
660028.160432304 2689658.92790279
660231.173669479 2689425.6923142
660234.495872875 2689234.92310716
660315.111084146 2689144.64437348
660315.661176524 2688960.10704656
660354.579146873 2688913.44090489
660441.994399997 2688912.35640296
660522.719902487 2688822.07732835
660610.126120936 2688820.99384922
660779.785554268 2688631.2631184
660861.619423863 2688630.25021201
661028.51970156 2688446.64754779
661110.344877411 2688445.6361756
661402.487058034 2688115.94537451
661398.535666238 2688026.71585637
661615.61248299 2687793.32480319
661863.825005654 2687787.16929164
661909.508072415 2687835.78300239
661828.87496226 2687926.05355373
661868.937267948 2687971.74378005
661950.705167368 2687973.73038574
662165.096299144 2688198.81703846
662169.010699913 2688294.13865495
662251.969812702 2688385.38034861
662255.915920066 2688474.61037814
662338.814176648 2688568.96255697
662345.01349785 2688842.68610376
662430.712674131 2688934.01217787
662431.881897441 2689029.36771701
662471.947612439 2689074.9536184
662725.787885265 2689074.94270861
662857.153252216 2689205.6984907
662857.699423887 2689482.60139074
662857.699423887 2689482.60139074
663157.853315599 2689808.11783108
663245.226293262 2689803.95267546
663413.865831119 2689986.53442141
663498.387942674 2689982.40557496
663581.376034608 2690076.75434448
663671.625448215 2690075.65569391
663754.393128175 2690160.82881346
663839.133265187 2690165.88959515
663921.899410956 2690251.05316863
664094.048664331 2690255.17008249
664138.55875754 2690208.43558412
664134.561169575 2690113.1136267
664051.721553147 2690021.85829579
664044.996004746 2689468.12937567
664044.996004746 2689468.12937567
663999.292311651 2689425.58918253
663914.719060428 2689426.61691942
663831.738809909 2689332.26627479
663577.966723309 2689338.34763382
663491.678418036 2689431.76600228
663407.115053815 2689432.79680755
663369.864236691 2689383.96882158
663365.936880539 2689294.85453817
663404.864226494 2689248.18566905
663492.278456824 2689247.1200888
663653.5497911 2689057.52453718
664251.423837654 2689050.25741968
664465.730077578 2689281.48458298
664461.302234528 2689376.89825088
664552.600011359 2689461.97267086
664553.149080944 2689741.85905922
664553.149080944 2689741.85905922
664635.951194947 2689830.13567485
664635.951194947 2689830.13567485
664642.142163337 2690106.96135399
664727.88736532 2690195.09716506
664731.784889998 2690290.52668625
664814.763265396 2690384.88346765
664818.681075476 2690474.00934272
664901.514555143 2690565.37581717
664911.65418788 2690934.43700422
664994.530113473 2691028.7963426
664992.828014807 2691114.99753997
665252.75015806 2691394.85443779
665253.826307172 2691484.12111741
665385.21946001 2691620.99388584
665467.037646773 2691620.00859487
665507.040459977 2691662.61237167
665508.188204627 2691757.96961546
665722.441770692 2691989.20939322
665812.63271461 2691985.02685011
665848.758970401 2691941.50767323
665680.100681332 2691752.80280419
665679.064591628 2691666.63416574
665593.366608606 2691572.29374904
665587.233087112 2691298.56440642
665629.039937391 2691254.97619099
665719.148035045 2691250.79381835
665842.107063124 2691387.76187702
665846.028964378 2691476.994634
666191.655568344 2691845.12064696
666192.688419203 2691931.28945587
666269.958414226 2692025.7347089
666278.894560074 2692305.62910914
666189.727091408 2692395.87153366
666195.931867508 2692675.80923216
666281.60598535 2692760.95337256
666285.49038418 2692856.27839836
666328.373724502 2692901.94885067
666412.880153224 2692897.8384145
666541.482273367 2693040.8482842
666546.963593609 2693499.2388822
666460.715006812 2693595.63136337
666465.698397139 2693774.01539479
666379.45339012 2693870.5249858
666386.079727562 2694424.27367993
666468.915252816 2694518.6439281
666478.980221635 2694884.60144861
666398.285573412 2694977.94549408
666652.523883332 2695248.72220265
666654.093189323 2695617.88055507
666739.758783887 2695712.21909665
666745.939183412 2695992.1590112
666659.640991136 2696082.46962194
666660.779530644 2696177.82788853
666580.052493964 2696267.95576019
666584.030307923 2696363.28010413
666417.085027316 2696549.91688495
666417.616538947 2696823.71594798
666328.514188127 2696917.16056814
666337.405842463 2697193.96903026
666251.153164493 2697287.26329979
666252.257099492 2697379.52318427
665879.613237664 2697802.45745615
665792.260715869 2697803.50513751
665377.891486302 2698273.01963642
665296.03869503 2698267.91265856
665207.021236062 2698358.15798099
665037.921270713 2698363.29308567
664957.301286407 2698459.62556297
664703.619717022 2698459.70346573
664614.575154029 2698556.13958609
664369.41890848 2698556.0038955
664280.302238553 2698646.24529722
664111.216421847 2698651.4017101
663863.771676088 2698931.30361083
662928.213357172 2698945.78142173
662845.312884538 2698854.53103432
662335.174054973 2698857.66640746
662212.927572956 2699000.71752982
662218.025345677 2699185.1887161
662173.549175115 2699231.91724817
661919.882265769 2699231.92781703
661874.178061278 2699186.4109542
662041.030608617 2698999.7250793
662044.346675253 2698815.03433338
661998.775433902 2698772.50794795
661914.258947711 2698773.54454905
661831.322847774 2698679.20225723
661746.843864007 2698683.33826323
661663.906059414 2698588.98642534
661573.71187665 2698590.09496291
661488.059748866 2698498.88702143
661318.936259269 2698500.96823551
661233.280722174 2698409.64505931
661151.512993218 2698410.6525108
660984.763236615 2698597.34742037
660900.186917011 2698601.4897336
660813.932363919 2698691.72738508
660478.674498409 2698698.96944415
660392.919068492 2698607.75911615
660221.056538197 2698609.88720826
660138.13578016 2698518.53726897
660047.941767862 2698519.65569354
659708.007520507 2698151.60690148
659626.277464442 2698155.72142883
659497.732109333 2698018.86570696
659493.804582715 2697923.55534119
659407.999376853 2697829.25344971
659406.888111835 2697739.9886452
659361.305790222 2697697.47163538
659279.524935419 2697698.4903376
659110.892045719 2697512.96209435
659026.378627908 2697514.01642387
658980.784714637 2697471.50077778
658977.728778453 2697007.00052346
658806.418215658 2696827.60136961
658805.226831825 2696732.24668279
658459.576874076 2696367.29593191
658453.836957571 2695908.92186907
658370.85142262 2695814.59202124
658352.978278596 2694614.93736878
658270.09093181 2694520.60735048
658263.856324236 2694249.88041785
658178.117429479 2694155.58687918
658176.998663976 2694066.43986638
658091.160899191 2693972.14803237
658089.962355804 2693876.68799784
